 0.977018 -0.199283 -0.025751 -0.070711 0
 0.201614 0.754315 0.300731 0.546513 0
 0.056569 0.445133 -0.880578 -0.148465 0
 0.016365 0.214810 0.204779 -0.358053 0
 0.036321 0.383417 0.302565 -0.738972 0
 240.879748 0.000000 0.000000 0.000000
 0.000000 35.843338 0.000000 0.000000
 0.000000 0.000000 14.781189 0.000000
 0.000000 0.000000 0.000000 3.964663
0 0 0 0
 0.990621 -0.124519 0.037414 0.042018
 0.118347 0.717872 -0.683930 -0.053795
 0.059811 0.303432 0.396817 -0.864227
 0.032967 0.614072 0.611046 0.498450